hhhouse 1
wall -21 1.5 30 2 3 0.3
wall -20 1.5 27 0.3 3 2
wall -17 1.5 26 2 3 0.3
wall -15 1.5 26 2 3 0.3
wall -9 1.5 26 2 3 0.3
wall -7 1.5 26 2 3 0.3
wall -5 1.5 26 2 3 0.3
wall -4 1.5 23 0.3 3 2
wall 9 1.5 26 2 3 0.3
wall 13 1.5 26 2 3 0.3
wall 15 1.5 26 2 3 0.3
wall 19 1.5 26 2 3 0.3
wall 21 1.5 26 2 3 0.3
wall 21 1.5 23 0.3 3 2
wall 23 1.5 26 2 3 0.3
wall 25 1.5 26 2 3 0.3
wall 27 1.5 26 2 3 0.3
wall 33 1.5 26 2 3 0.3
wall 35 1.5 26 2 3 0.3
wall 37 1.5 26 2 3 0.3
wall 38 1.5 23 0.3 3 2
wall 38 1.5 21 0.3 3 2
wall 38 1.5 19 0.3 3 2
wall 38 1.5 17 0.3 3 2
wall 38 1.5 15 0.3 3 2
wall 38 1.5 13 0.3 3 2
wall 21 1.5 21 0.3 3 2
wall 23 1.5 20 0.3 3 2
wall 23 1.5 18 0.3 3 2
wall 23 1.5 14 0.3 3 2
wall 25 1.5 13 2 3 0.3
wall 27 1.5 13 2 3 0.3
wall 29 1.5 13 2 3 0.3
wall 31 1.5 13 2 3 0.3
wall 33 1.5 13 2 3 0.3
wall 35 1.5 13 2 3 0.3
wall 38 1.5 11 0.3 3 2
wall 38 1.5 9 0.3 3 2
wall 38 1.5 7 0.3 3 2
wall 38 1.5 5 0.3 3 2
wall 38 1.5 3 0.3 3 2
wall 35 1.5 2 2 3 0.3
wall 29 1.5 2 2 3 0.3
wall 29 1.5 -1 0.3 3 2
wall 29 1.5 -7 0.3 3 2
wall 29 1.5 -9 0.3 3 2
wall 29 1.5 -11 0.3 3 2
wall 26 1.5 -12 2 3 0.3
wall 24 1.5 -12 2 3 0.3
wall 16 1.5 -12 2 3 0.3
wall 14 1.5 -12 2 3 0.3
wall 12 1.5 -12 2 3 0.3
wall 10 1.5 -12 2 3 0.3
wall -39 1.5 30 2 3 0.3
wall -40 1.5 27 0.3 3 2
wall -40 1.5 25 0.3 3 2
wall -40 1.5 23 0.3 3 2
wall -40 1.5 21 0.3 3 2
wall -40 1.5 19 0.3 3 2
wall -40 1.5 17 0.3 3 2
wall -40 1.5 15 0.3 3 2
wall -40 1.5 13 0.3 3 2
wall -20 1.5 25 0.3 3 2
wall -20 1.5 20 0.3 3 2
wall -23 1.5 20 2 3 0.3
wall -24 1.5 17 0.3 3 2
wall -24 1.5 15 0.3 3 2
wall -21 1.5 14 2 3 0.3
wall -40 1.5 11 0.3 3 2
wall 27 1.5 2 2 3 0.3
wall 25 1.5 2 2 3 0.3
wall 23 1.5 2 2 3 0.3
wall 21 1.5 2 2 3 0.3
wall 19 1.5 2 2 3 0.3
wall 17 1.5 13 2 3 0.3
wall 15 1.5 13 2 3 0.3
wall 14 1.5 15 2 3 0.3
wall 10 1.5 15 2 3 0.3
wall 6 1.5 15 2 3 0.3
wall 5 1.5 12 0.3 3 2
wall 8 1.5 11 2 3 0.3
wall 10 1.5 12 0.3 3 2
wall 10 1.5 10 0.3 3 2
wall 18 1.5 10 0.3 3 2
wall 15 1.5 9 2 3 0.3
wall 5 1.5 10 0.3 3 2
wall 5 1.5 8 0.3 3 2
wall 17 1.5 2 2 3 0.3
wall 15 1.5 2 2 3 0.3
wall 9 1.5 2 2 3 0.3
wall 7 1.5 2 2 3 0.3
wall 5 1.5 6 0.3 3 2
wall 5 1.5 4 0.3 3 2
wall 5 1.5 2 2 3 0.3
wall 18 1.5 8 0.3 3 2
wall 10 1.5 5 0.3 3 2
wall 6 1.5 -1 0.3 3 2
wall 6 1.5 -3 0.3 3 2
wall 6 1.5 -5 0.3 3 2
wall 6 1.5 -7 0.3 3 2
wall 6 1.5 -9 0.3 3 2
wall 6 1.5 -11 0.3 3 2
wall 8 1.5 -12 2 3 0.3
wall 9 1.5 -4 2 3 0.3
wall 9 1.5 -8 2 3 0.3
wall 3 1.5 -12 2 3 0.3
wall 1 1.5 -12 2 3 0.3
wall -1 1.5 -12 2 3 0.3
wall -3 1.5 -12 2 3 0.3
wall -5 1.5 -12 2 3 0.3
wall -15 1.5 -12 2 3 0.3
wall -17 1.5 -12 2 3 0.3
wall -19 1.5 -12 2 3 0.3
wall -21 1.5 -12 2 3 0.3
wall -23 1.5 -12 2 3 0.3
wall -31 1.5 -12 2 3 0.3
wall -39 1.5 -12 2 3 0.3
wall -40 1.5 -9 0.3 3 2
wall -40 1.5 -7 0.3 3 2
wall -40 1.5 -5 0.3 3 2
wall -40 1.5 -3 0.3 3 2
wall -40 1.5 -1 0.3 3 2
wall -40 1.5 1 0.3 3 2
wall -40 1.5 3 0.3 3 2
wall -40 1.5 5 0.3 3 2
wall -40 1.5 7 0.3 3 2
wall -40 1.5 9 0.3 3 2
wall -20 1.5 9 0.3 3 2
wall -23 1.5 8 2 3 0.3
wall -25 1.5 8 2 3 0.3
wall -27 1.5 8 2 3 0.3
wall -29 1.5 8 2 3 0.3
wall -31 1.5 8 2 3 0.3
wall -33 1.5 8 2 3 0.3
wall -35 1.5 8 2 3 0.3
wall -37 1.5 8 2 3 0.3
wall -20 1.5 7 0.3 3 2
wall -20 1.5 5 0.3 3 2
wall -20 1.5 3 0.3 3 2
wall -23 1.5 2 2 3 0.3
wall -25 1.5 2 2 3 0.3
wall -27 1.5 2 2 3 0.3
wall -31 1.5 2 2 3 0.3
wall -33 1.5 2 2 3 0.3
wall -35 1.5 2 2 3 0.3
wall -37 1.5 2 2 3 0.3
wall -15 1.5 2 2 3 0.3
wall -15 1.5 -1 0.3 3 2
wall -15 1.5 -3 0.3 3 2
wall -15 1.5 -5 0.3 3 2
wall 3 1.5 2 2 3 0.3
wall -19 1.5 26 2 3 0.3
wall -20 1.5 29 0.3 3 2
wall -24 1.5 19 0.3 3 2
wall -23 1.5 14 2 3 0.3
wall -21 1.5 20 2 3 0.3
wall 5 1.5 14 0.3 3 2
wall 6 1.5 11 2 3 0.3
wall 9 1.5 11 2 3 0.3
wall 10 1.5 14 0.3 3 2
wall 14 1.5 14 0.3 3 2
wall 22 1.5 20 2 3 0.3
wall 23 1.5 16 0.3 3 2
wall 21 1.5 25 0.3 3 2
wall 17 1.5 26 2 3 0.3
wall 11 1.5 26 2 3 0.3
wall 23 1.5 25 0.3 3 2
wall 37 1.5 13 2 3 0.3
wall 38 1.5 25 0.3 3 2
wall 37 1.5 2 2 3 0.3
wall 31 1.5 2 2 3 0.3
wall 33 1.5 2 2 3 0.3
wall 29 1.5 1 0.3 3 2
wall 29 1.5 -5 0.3 3 2
wall 29 1.5 -3 0.3 3 2
wall 28 1.5 -12 2 3 0.3
wall 6 1.5 -12 2 3 0.3
wall 5 1.5 -12 2 3 0.3
wall -15 1.5 -7 0.3 3 2
wall -15 1.5 -9 0.3 3 2
wall -15 1.5 -11 0.3 3 2
wall -15 1.5 1 0.3 3 2
wall -40 1.5 -11 0.3 3 2
wall -39 1.5 2 2 3 0.3
wall -39 1.5 8 2 3 0.3
wall -21 1.5 8 2 3 0.3
wall -21 1.5 2 2 3 0.3
wall -19 1.5 2 2 3 0.3
wall -17 1.5 2 2 3 0.3
wall -20 1.5 11 0.3 3 2
wall -20 1.5 13 0.3 3 2
wall -40 1.5 29 0.3 3 2
wall -4 1.5 25 0.3 3 2
wall -3 1.5 26 2 3 0.3
wall -1 1.5 26 2 3 0.3
wall 1 1.5 26 2 3 0.3
wall 7 1.5 26 2 3 0.3
wall 23 1.5 13 2 3 0.3
wall 19 1.5 13 2 3 0.3
wall 14 1.5 8 0.3 3 2
wall 14 1.5 6 0.3 3 2
wall 14 1.5 3 0.3 3 2
wall 14 1.5 4 0.3 3 2
wall 17 1.5 9 2 3 0.3
wall 18 1.5 3 0.3 3 2
wall 18 1.5 4 0.3 3 2
wall 10 1.5 3 0.3 3 2
wall 5 1.5 3 0.3 3 2
wall 6 1.5 1 0.3 3 2
wall 7 1.5 -4 2 3 0.3
wall 7 1.5 -8 2 3 0.3
wall 10 1.5 -7 0.3 3 2
wall -33 1.5 29 0.3 3 2
wall 18 1.5 12 0.3 3 2
